(kicad_pcb (version 20171130) (host pcbnew "(5.1.10)-1")

  (general
    (thickness 1.6)
    (drawings 27)
    (tracks 1025)
    (zones 0)
    (modules 111)
    (nets 187)
  )

  (page A4)
  (title_block
    (title MM32_Board)
    (date 2021-11-30)
    (rev 1.0.1)
  )

  (layers
    (0 F.Cu signal)
    (1 In1.Cu signal hide)
    (2 In2.Cu signal hide)
    (31 B.Cu signal hide)
    (32 B.Adhes user hide)
    (33 F.Adhes user hide)
    (34 B.Paste user hide)
    (35 F.Paste user)
    (36 B.SilkS user hide)
    (37 F.SilkS user)
    (38 B.Mask user hide)
    (39 F.Mask user)
    (40 Dwgs.User user hide)
    (41 Cmts.User user hide)
    (42 Eco1.User user hide)
    (43 Eco2.User user hide)
    (44 Edge.Cuts user)
    (45 Margin user hide)
    (46 B.CrtYd user hide)
    (47 F.CrtYd user)
    (48 B.Fab user hide)
    (49 F.Fab user)
  )

  (setup
    (last_trace_width 0.254)
    (user_trace_width 0.2)
    (user_trace_width 0.235)
    (user_trace_width 0.254)
    (user_trace_width 0.293)
    (user_trace_width 0.3)
    (user_trace_width 0.4)
    (user_trace_width 0.5)
    (user_trace_width 1)
    (trace_clearance 0.1)
    (zone_clearance 0.2)
    (zone_45_only no)
    (trace_min 0.2)
    (via_size 0.4)
    (via_drill 0.2)
    (via_min_size 0.4)
    (via_min_drill 0.2)
    (user_via 0.45 0.2)
    (user_via 0.6 0.3)
    (uvia_size 0.3)
    (uvia_drill 0.1)
    (uvias_allowed no)
    (uvia_min_size 0.2)
    (uvia_min_drill 0.1)
    (edge_width 0.1)
    (segment_width 0.2)
    (pcb_text_width 0.3)
    (pcb_text_size 1.5 1.5)
    (mod_edge_width 0.15)
    (mod_text_size 1 1)
    (mod_text_width 0.15)
    (pad_size 1.524 1.524)
    (pad_drill 0.762)
    (pad_to_mask_clearance 0)
    (aux_axis_origin 105 120)
    (visible_elements 7FFFFFFF)
    (pcbplotparams
      (layerselection 0x010fc_ffffffff)
      (usegerberextensions false)
      (usegerberattributes true)
      (usegerberadvancedattributes true)
      (creategerberjobfile true)
      (excludeedgelayer true)
      (linewidth 0.100000)
      (plotframeref false)
      (viasonmask false)
      (mode 1)
      (useauxorigin false)
      (hpglpennumber 1)
      (hpglpenspeed 20)
      (hpglpendiameter 15.000000)
      (psnegative false)
      (psa4output false)
      (plotreference true)
      (plotvalue true)
      (plotinvisibletext false)
      (padsonsilk false)
      (subtractmaskfromsilk false)
      (outputformat 1)
      (mirror false)
      (drillshape 1)
      (scaleselection 1)
      (outputdirectory ""))
  )

  (net 0 "")
  (net 1 EP)
  (net 2 +3V3)
  (net 3 "Net-(C3-Pad1)")
  (net 4 +15V)
  (net 5 +3V0)
  (net 6 "Net-(C9-Pad2)")
  (net 7 "Net-(C9-Pad1)")
  (net 8 "Net-(C11-Pad1)")
  (net 9 "Net-(C12-Pad2)")
  (net 10 "Net-(C12-Pad1)")
  (net 11 "Net-(C13-Pad1)")
  (net 12 +5V)
  (net 13 +7.5V)
  (net 14 /MCU/XTAL_OUT)
  (net 15 /MCU/KEY)
  (net 16 /MCU/XTAL_IN)
  (net 17 /MCU/RST)
  (net 18 "Net-(C34-Pad1)")
  (net 19 GNDA)
  (net 20 +5VA)
  (net 21 +3.3VA)
  (net 22 "Net-(D2-Pad2)")
  (net 23 /MCU/LED2)
  (net 24 "Net-(D3-Pad2)")
  (net 25 /MCU/LED1)
  (net 26 VDD)
  (net 27 "Net-(J2-Pad1)")
  (net 28 /Connector/MOTOR_RX)
  (net 29 /Connector/MOTOR_TX)
  (net 30 "Net-(L4-Pad1)")
  (net 31 /Connector/T_XP)
  (net 32 /Connector/T_YP)
  (net 33 /Connector/T_XM)
  (net 34 /Connector/T_YM)
  (net 35 "Net-(LCD1-Pad14)")
  (net 36 /Connector/LCD_CS)
  (net 37 /Connector/LCD_CLK)
  (net 38 /Connector/LCD_MOSI)
  (net 39 /Connector/LCD_A0)
  (net 40 /Connector/LCD_RST)
  (net 41 "Net-(LCD1-Pad1)")
  (net 42 "Net-(M1-Pad9)")
  (net 43 /Connector/DEBUG_RX)
  (net 44 /Connector/SWDCLK)
  (net 45 /Connector/DEBUG_TX)
  (net 46 /Connector/SWDIO)
  (net 47 "Net-(Q1-Pad3)")
  (net 48 "Net-(Q1-Pad1)")
  (net 49 /MCU/PF13)
  (net 50 "Net-(Q4-Pad3)")
  (net 51 /MCU/ADC23_IN14)
  (net 52 "Net-(R8-Pad2)")
  (net 53 "Net-(R10-Pad1)")
  (net 54 "Net-(R11-Pad1)")
  (net 55 "Net-(R12-Pad2)")
  (net 56 "Net-(R14-Pad2)")
  (net 57 "Net-(R16-Pad2)")
  (net 58 "Net-(U1-Pad4)")
  (net 59 "Net-(U3-Pad3)")
  (net 60 /IMU/IMU_RST)
  (net 61 "Net-(U5-Pad139)")
  (net 62 /Connector/LCD_MISO)
  (net 63 "Net-(U5-Pad129)")
  (net 64 "Net-(U5-Pad128)")
  (net 65 "Net-(U5-Pad127)")
  (net 66 "Net-(U5-Pad126)")
  (net 67 "Net-(U5-Pad125)")
  (net 68 "Net-(U5-Pad124)")
  (net 69 "Net-(U5-Pad123)")
  (net 70 "Net-(U5-Pad122)")
  (net 71 "Net-(U5-Pad119)")
  (net 72 "Net-(U5-Pad118)")
  (net 73 "Net-(U5-Pad117)")
  (net 74 "Net-(U5-Pad116)")
  (net 75 "Net-(U5-Pad115)")
  (net 76 "Net-(U5-Pad114)")
  (net 77 "Net-(U5-Pad113)")
  (net 78 "Net-(U5-Pad112)")
  (net 79 "Net-(U5-Pad111)")
  (net 80 "Net-(U5-Pad110)")
  (net 81 "Net-(U5-Pad106)")
  (net 82 "Net-(U5-Pad104)")
  (net 83 "Net-(U5-Pad103)")
  (net 84 "Net-(U5-Pad100)")
  (net 85 "Net-(U5-Pad99)")
  (net 86 "Net-(U5-Pad98)")
  (net 87 "Net-(U5-Pad97)")
  (net 88 "Net-(U5-Pad96)")
  (net 89 "Net-(U5-Pad92)")
  (net 90 "Net-(U5-Pad86)")
  (net 91 "Net-(U5-Pad85)")
  (net 92 "Net-(U5-Pad82)")
  (net 93 "Net-(U5-Pad81)")
  (net 94 "Net-(U5-Pad80)")
  (net 95 "Net-(U5-Pad79)")
  (net 96 "Net-(U5-Pad76)")
  (net 97 "Net-(U5-Pad75)")
  (net 98 "Net-(U5-Pad74)")
  (net 99 "Net-(U5-Pad73)")
  (net 100 "Net-(U5-Pad70)")
  (net 101 "Net-(U5-Pad69)")
  (net 102 "Net-(U5-Pad68)")
  (net 103 "Net-(U5-Pad67)")
  (net 104 "Net-(U5-Pad66)")
  (net 105 "Net-(U5-Pad65)")
  (net 106 "Net-(U5-Pad64)")
  (net 107 "Net-(U5-Pad63)")
  (net 108 "Net-(U5-Pad59)")
  (net 109 "Net-(U5-Pad58)")
  (net 110 "Net-(U5-Pad57)")
  (net 111 "Net-(U5-Pad56)")
  (net 112 "Net-(U5-Pad55)")
  (net 113 "Net-(U5-Pad48)")
  (net 114 /Connector/GPS_TX)
  (net 115 /Connector/GPS_RX)
  (net 116 "Net-(U5-Pad45)")
  (net 117 "Net-(U5-Pad43)")
  (net 118 "Net-(U5-Pad42)")
  (net 119 "Net-(U5-Pad41)")
  (net 120 "Net-(U5-Pad40)")
  (net 121 "Net-(U5-Pad37)")
  (net 122 "Net-(U5-Pad36)")
  (net 123 "Net-(U5-Pad35)")
  (net 124 "Net-(U5-Pad34)")
  (net 125 "Net-(U5-Pad29)")
  (net 126 "Net-(U5-Pad28)")
  (net 127 "Net-(U5-Pad27)")
  (net 128 "Net-(U5-Pad26)")
  (net 129 "Net-(U5-Pad22)")
  (net 130 "Net-(U5-Pad21)")
  (net 131 "Net-(U5-Pad20)")
  (net 132 "Net-(U5-Pad19)")
  (net 133 "Net-(U5-Pad18)")
  (net 134 "Net-(U5-Pad15)")
  (net 135 "Net-(U5-Pad14)")
  (net 136 "Net-(U5-Pad13)")
  (net 137 "Net-(U5-Pad12)")
  (net 138 "Net-(U5-Pad11)")
  (net 139 "Net-(U5-Pad10)")
  (net 140 "Net-(U5-Pad9)")
  (net 141 "Net-(U5-Pad8)")
  (net 142 "Net-(U5-Pad7)")
  (net 143 /IMU/IMU_MOSI)
  (net 144 /IMU/IMU_MISO)
  (net 145 /IMU/IMU_DR)
  (net 146 /IMU/IMU_CS)
  (net 147 /IMU/IMU_CLK)
  (net 148 "Net-(U6-PadC3)")
  (net 149 /IMU/RST)
  (net 150 /IMU/CS)
  (net 151 /IMU/DIN)
  (net 152 /IMU/DOUT)
  (net 153 /IMU/SCLK)
  (net 154 "Net-(U6-PadJ3)")
  (net 155 /IMU/DR)
  (net 156 "Net-(U8-Pad4)")
  (net 157 "Net-(U9-Pad11)")
  (net 158 "Net-(U9-Pad10)")
  (net 159 "Net-(U9-Pad7)")
  (net 160 "Net-(U9-Pad6)")
  (net 161 "Net-(U10-Pad11)")
  (net 162 "Net-(U10-Pad10)")
  (net 163 "Net-(U10-Pad7)")
  (net 164 "Net-(U10-Pad6)")
  (net 165 "Net-(U11-Pad18)")
  (net 166 "Net-(U11-Pad17)")
  (net 167 "Net-(U11-Pad16)")
  (net 168 "Net-(U11-Pad15)")
  (net 169 "Net-(U11-Pad13)")
  (net 170 "Net-(U11-Pad9)")
  (net 171 "Net-(U11-Pad7)")
  (net 172 "Net-(U11-Pad5)")
  (net 173 "Net-(U11-Pad4)")
  (net 174 "Net-(U12-Pad13)")
  (net 175 "Net-(U12-Pad9)")
  (net 176 "Net-(U12-Pad8)")
  (net 177 "Net-(U12-Pad7)")
  (net 178 /Connector/Servo_PWM)
  (net 179 "Net-(U5-Pad91)")
  (net 180 "Net-(U5-Pad90)")
  (net 181 "Net-(U5-Pad89)")
  (net 182 "Net-(U5-Pad88)")
  (net 183 "Net-(U5-Pad87)")
  (net 184 "Net-(U5-Pad93)")
  (net 185 /MCU/PE1)
  (net 186 /MCU/PE0)

  (net_class Default 这是默认网络类。
    (clearance 0.1)
    (trace_width 0.254)
    (via_dia 0.4)
    (via_drill 0.2)
    (uvia_dia 0.3)
    (uvia_drill 0.1)
    (diff_pair_width 0.2)
    (diff_pair_gap 0.2)
    (add_net +15V)
    (add_net +3.3VA)
    (add_net +3V0)
    (add_net +3V3)
    (add_net +5V)
    (add_net +5VA)
    (add_net +7.5V)
    (add_net /Connector/DEBUG_RX)
    (add_net /Connector/DEBUG_TX)
    (add_net /Connector/GPS_RX)
    (add_net /Connector/GPS_TX)
    (add_net /Connector/LCD_A0)
    (add_net /Connector/LCD_CLK)
    (add_net /Connector/LCD_CS)
    (add_net /Connector/LCD_MISO)
    (add_net /Connector/LCD_MOSI)
    (add_net /Connector/LCD_RST)
    (add_net /Connector/MOTOR_RX)
    (add_net /Connector/MOTOR_TX)
    (add_net /Connector/SWDCLK)
    (add_net /Connector/SWDIO)
    (add_net /Connector/Servo_PWM)
    (add_net /Connector/T_XM)
    (add_net /Connector/T_XP)
    (add_net /Connector/T_YM)
    (add_net /Connector/T_YP)
    (add_net /IMU/CS)
    (add_net /IMU/DIN)
    (add_net /IMU/DOUT)
    (add_net /IMU/DR)
    (add_net /IMU/IMU_CLK)
    (add_net /IMU/IMU_CS)
    (add_net /IMU/IMU_DR)
    (add_net /IMU/IMU_MISO)
    (add_net /IMU/IMU_MOSI)
    (add_net /IMU/IMU_RST)
    (add_net /IMU/RST)
    (add_net /IMU/SCLK)
    (add_net /MCU/ADC23_IN14)
    (add_net /MCU/KEY)
    (add_net /MCU/LED1)
    (add_net /MCU/LED2)
    (add_net /MCU/PE0)
    (add_net /MCU/PE1)
    (add_net /MCU/PF13)
    (add_net /MCU/RST)
    (add_net /MCU/XTAL_IN)
    (add_net /MCU/XTAL_OUT)
    (add_net EP)
    (add_net GNDA)
    (add_net "Net-(C11-Pad1)")
    (add_net "Net-(C12-Pad1)")
    (add_net "Net-(C12-Pad2)")
    (add_net "Net-(C13-Pad1)")
    (add_net "Net-(C3-Pad1)")
    (add_net "Net-(C34-Pad1)")
    (add_net "Net-(C9-Pad1)")
    (add_net "Net-(C9-Pad2)")
    (add_net "Net-(D2-Pad2)")
    (add_net "Net-(D3-Pad2)")
    (add_net "Net-(J2-Pad1)")
    (add_net "Net-(L4-Pad1)")
    (add_net "Net-(LCD1-Pad1)")
    (add_net "Net-(LCD1-Pad14)")
    (add_net "Net-(M1-Pad9)")
    (add_net "Net-(Q1-Pad1)")
    (add_net "Net-(Q1-Pad3)")
    (add_net "Net-(Q4-Pad3)")
    (add_net "Net-(R10-Pad1)")
    (add_net "Net-(R11-Pad1)")
    (add_net "Net-(R12-Pad2)")
    (add_net "Net-(R14-Pad2)")
    (add_net "Net-(R16-Pad2)")
    (add_net "Net-(R8-Pad2)")
    (add_net "Net-(U1-Pad4)")
    (add_net "Net-(U10-Pad10)")
    (add_net "Net-(U10-Pad11)")
    (add_net "Net-(U10-Pad6)")
    (add_net "Net-(U10-Pad7)")
    (add_net "Net-(U11-Pad13)")
    (add_net "Net-(U11-Pad15)")
    (add_net "Net-(U11-Pad16)")
    (add_net "Net-(U11-Pad17)")
    (add_net "Net-(U11-Pad18)")
    (add_net "Net-(U11-Pad4)")
    (add_net "Net-(U11-Pad5)")
    (add_net "Net-(U11-Pad7)")
    (add_net "Net-(U11-Pad9)")
    (add_net "Net-(U12-Pad13)")
    (add_net "Net-(U12-Pad7)")
    (add_net "Net-(U12-Pad8)")
    (add_net "Net-(U12-Pad9)")
    (add_net "Net-(U3-Pad3)")
    (add_net "Net-(U5-Pad10)")
    (add_net "Net-(U5-Pad100)")
    (add_net "Net-(U5-Pad103)")
    (add_net "Net-(U5-Pad104)")
    (add_net "Net-(U5-Pad106)")
    (add_net "Net-(U5-Pad11)")
    (add_net "Net-(U5-Pad110)")
    (add_net "Net-(U5-Pad111)")
    (add_net "Net-(U5-Pad112)")
    (add_net "Net-(U5-Pad113)")
    (add_net "Net-(U5-Pad114)")
    (add_net "Net-(U5-Pad115)")
    (add_net "Net-(U5-Pad116)")
    (add_net "Net-(U5-Pad117)")
    (add_net "Net-(U5-Pad118)")
    (add_net "Net-(U5-Pad119)")
    (add_net "Net-(U5-Pad12)")
    (add_net "Net-(U5-Pad122)")
    (add_net "Net-(U5-Pad123)")
    (add_net "Net-(U5-Pad124)")
    (add_net "Net-(U5-Pad125)")
    (add_net "Net-(U5-Pad126)")
    (add_net "Net-(U5-Pad127)")
    (add_net "Net-(U5-Pad128)")
    (add_net "Net-(U5-Pad129)")
    (add_net "Net-(U5-Pad13)")
    (add_net "Net-(U5-Pad139)")
    (add_net "Net-(U5-Pad14)")
    (add_net "Net-(U5-Pad15)")
    (add_net "Net-(U5-Pad18)")
    (add_net "Net-(U5-Pad19)")
    (add_net "Net-(U5-Pad20)")
    (add_net "Net-(U5-Pad21)")
    (add_net "Net-(U5-Pad22)")
    (add_net "Net-(U5-Pad26)")
    (add_net "Net-(U5-Pad27)")
    (add_net "Net-(U5-Pad28)")
    (add_net "Net-(U5-Pad29)")
    (add_net "Net-(U5-Pad34)")
    (add_net "Net-(U5-Pad35)")
    (add_net "Net-(U5-Pad36)")
    (add_net "Net-(U5-Pad37)")
    (add_net "Net-(U5-Pad40)")
    (add_net "Net-(U5-Pad41)")
    (add_net "Net-(U5-Pad42)")
    (add_net "Net-(U5-Pad43)")
    (add_net "Net-(U5-Pad45)")
    (add_net "Net-(U5-Pad48)")
    (add_net "Net-(U5-Pad55)")
    (add_net "Net-(U5-Pad56)")
    (add_net "Net-(U5-Pad57)")
    (add_net "Net-(U5-Pad58)")
    (add_net "Net-(U5-Pad59)")
    (add_net "Net-(U5-Pad63)")
    (add_net "Net-(U5-Pad64)")
    (add_net "Net-(U5-Pad65)")
    (add_net "Net-(U5-Pad66)")
    (add_net "Net-(U5-Pad67)")
    (add_net "Net-(U5-Pad68)")
    (add_net "Net-(U5-Pad69)")
    (add_net "Net-(U5-Pad7)")
    (add_net "Net-(U5-Pad70)")
    (add_net "Net-(U5-Pad73)")
    (add_net "Net-(U5-Pad74)")
    (add_net "Net-(U5-Pad75)")
    (add_net "Net-(U5-Pad76)")
    (add_net "Net-(U5-Pad79)")
    (add_net "Net-(U5-Pad8)")
    (add_net "Net-(U5-Pad80)")
    (add_net "Net-(U5-Pad81)")
    (add_net "Net-(U5-Pad82)")
    (add_net "Net-(U5-Pad85)")
    (add_net "Net-(U5-Pad86)")
    (add_net "Net-(U5-Pad87)")
    (add_net "Net-(U5-Pad88)")
    (add_net "Net-(U5-Pad89)")
    (add_net "Net-(U5-Pad9)")
    (add_net "Net-(U5-Pad90)")
    (add_net "Net-(U5-Pad91)")
    (add_net "Net-(U5-Pad92)")
    (add_net "Net-(U5-Pad93)")
    (add_net "Net-(U5-Pad96)")
    (add_net "Net-(U5-Pad97)")
    (add_net "Net-(U5-Pad98)")
    (add_net "Net-(U5-Pad99)")
    (add_net "Net-(U6-PadC3)")
    (add_net "Net-(U6-PadJ3)")
    (add_net "Net-(U8-Pad4)")
    (add_net "Net-(U9-Pad10)")
    (add_net "Net-(U9-Pad11)")
    (add_net "Net-(U9-Pad6)")
    (add_net "Net-(U9-Pad7)")
    (add_net VDD)
  )

  (module Capacitor_SMD:C_0603_1608Metric (layer B.Cu) (tedit 5F68FEEE) (tstamp 61AD8794)
    (at 153.6 74.425 90)
    (descr "Capacitor SMD 0603 (1608 Metric), square (rectangular) end terminal, IPC_7351 nominal, (Body size source: IPC-SM-782 page 76, https://www.pcb-3d.com/wordpress/wp-content/uploads/ipc-sm-782a_amendment_1_and_2.pdf), generated with kicad-footprint-generator")
    (tags capacitor)
    (path /61E2DD2B/61B30221)
    (attr smd)
    (fp_text reference C58 (at 0.025 -1.4 90) (layer B.SilkS)
      (effects (font (size 1 1) (thickness 0.15)) (justify mirror))
    )
    (fp_text value 100nF (at 0 -1.43 90) (layer B.Fab)
      (effects (font (size 1 1) (thickness 0.15)) (justify mirror))
    )
    (fp_line (start -0.8 -0.4) (end -0.8 0.4) (layer B.Fab) (width 0.1))
    (fp_line (start -0.8 0.4) (end 0.8 0.4) (layer B.Fab) (width 0.1))
    (fp_line (start 0.8 0.4) (end 0.8 -0.4) (layer B.Fab) (width 0.1))
    (fp_line (start 0.8 -0.4) (end -0.8 -0.4) (layer B.Fab) (width 0.1))
    (fp_line (start -0.14058 0.51) (end 0.14058 0.51) (layer B.SilkS) (width 0.12))
    (fp_line (start -0.14058 -0.51) (end 0.14058 -0.51) (layer B.SilkS) (width 0.12))
    (fp_line (start -1.48 -0.73) (end -1.48 0.73) (layer B.CrtYd) (width 0.05))
    (fp_line (start -1.48 0.73) (end 1.48 0.73) (layer B.CrtYd) (width 0.05))
    (fp_line (start 1.48 0.73) (end 1.48 -0.73) (layer B.CrtYd) (width 0.05))
    (fp_line (start 1.48 -0.73) (end -1.48 -0.73) (layer B.CrtYd) (width 0.05))
    (fp_text user %R (at 0 0 90) (layer B.Fab)
      (effects (font (size 0.4 0.4) (thickness 0.06)) (justify mirror))
    )
    (pad 2 smd roundrect (at 0.775 0 90) (size 0.9 0.95) (layers B.Cu B.Paste B.Mask) (roundrect_rratio 0.25)
      (net 1 EP))
    (pad 1 smd roundrect (at -0.775 0 90) (size 0.9 0.95) (layers B.Cu B.Paste B.Mask) (roundrect_rratio 0.25)
      (net 2 +3V3))
    (model ${KISYS3DMOD}/Capacitor_SMD.3dshapes/C_0603_1608Metric.wrl
      (at (xyz 0 0 0))
      (scale (xyz 1 1 1))
      (rotate (xyz 0 0 0))
    )
  )

  (module Capacitor_SMD:C_0603_1608Metric (layer F.Cu) (tedit 5F68FEEE) (tstamp 61AD8783)
    (at 109.8 114.8 180)
    (descr "Capacitor SMD 0603 (1608 Metric), square (rectangular) end terminal, IPC_7351 nominal, (Body size source: IPC-SM-782 page 76, https://www.pcb-3d.com/wordpress/wp-content/uploads/ipc-sm-782a_amendment_1_and_2.pdf), generated with kicad-footprint-generator")
    (tags capacitor)
    (path /61E2DD2B/61B3021B)
    (attr smd)
    (fp_text reference C57 (at 0 -1.5) (layer F.SilkS)
      (effects (font (size 1 1) (thickness 0.15)))
    )
    (fp_text value 100nF (at 0 1.43) (layer F.Fab)
      (effects (font (size 1 1) (thickness 0.15)))
    )
    (fp_line (start -0.8 0.4) (end -0.8 -0.4) (layer F.Fab) (width 0.1))
    (fp_line (start -0.8 -0.4) (end 0.8 -0.4) (layer F.Fab) (width 0.1))
    (fp_line (start 0.8 -0.4) (end 0.8 0.4) (layer F.Fab) (width 0.1))
    (fp_line (start 0.8 0.4) (end -0.8 0.4) (layer F.Fab) (width 0.1))
    (fp_line (start -0.14058 -0.51) (end 0.14058 -0.51) (layer F.SilkS) (width 0.12))
    (fp_line (start -0.14058 0.51) (end 0.14058 0.51) (layer F.SilkS) (width 0.12))
    (fp_line (start -1.48 0.73) (end -1.48 -0.73) (layer F.CrtYd) (width 0.05))
    (fp_line (start -1.48 -0.73) (end 1.48 -0.73) (layer F.CrtYd) (width 0.05))
    (fp_line (start 1.48 -0.73) (end 1.48 0.73) (layer F.CrtYd) (width 0.05))
    (fp_line (start 1.48 0.73) (end -1.48 0.73) (layer F.CrtYd) (width 0.05))
    (fp_text user %R (at 0 0) (layer F.Fab)
      (effects (font (size 0.4 0.4) (thickness 0.06)))
    )
    (pad 2 smd roundrect (at 0.775 0 180) (size 0.9 0.95) (layers F.Cu F.Paste F.Mask) (roundrect_rratio 0.25)
      (net 1 EP))
    (pad 1 smd roundrect (at -0.775 0 180) (size 0.9 0.95) (layers F.Cu F.Paste F.Mask) (roundrect_rratio 0.25)
      (net 2 +3V3))
    (model ${KISYS3DMOD}/Capacitor_SMD.3dshapes/C_0603_1608Metric.wrl
      (at (xyz 0 0 0))
      (scale (xyz 1 1 1))
      (rotate (xyz 0 0 0))
    )
  )

  (module Capacitor_SMD:C_0603_1608Metric (layer B.Cu) (tedit 5F68FEEE) (tstamp 61AD8772)
    (at 170.5 101.475 270)
    (descr "Capacitor SMD 0603 (1608 Metric), square (rectangular) end terminal, IPC_7351 nominal, (Body size source: IPC-SM-782 page 76, https://www.pcb-3d.com/wordpress/wp-content/uploads/ipc-sm-782a_amendment_1_and_2.pdf), generated with kicad-footprint-generator")
    (tags capacitor)
    (path /61E2DD2B/61B30215)
    (attr smd)
    (fp_text reference C56 (at 0 1.43 90) (layer B.SilkS)
      (effects (font (size 1 1) (thickness 0.15)) (justify mirror))
    )
    (fp_text value 100nF (at 0 -1.43 90) (layer B.Fab)
      (effects (font (size 1 1) (thickness 0.15)) (justify mirror))
    )
    (fp_line (start -0.8 -0.4) (end -0.8 0.4) (layer B.Fab) (width 0.1))
    (fp_line (start -0.8 0.4) (end 0.8 0.4) (layer B.Fab) (width 0.1))
    (fp_line (start 0.8 0.4) (end 0.8 -0.4) (layer B.Fab) (width 0.1))
    (fp_line (start 0.8 -0.4) (end -0.8 -0.4) (layer B.Fab) (width 0.1))
    (fp_line (start -0.14058 0.51) (end 0.14058 0.51) (layer B.SilkS) (width 0.12))
    (fp_line (start -0.14058 -0.51) (end 0.14058 -0.51) (layer B.SilkS) (width 0.12))
    (fp_line (start -1.48 -0.73) (end -1.48 0.73) (layer B.CrtYd) (width 0.05))
    (fp_line (start -1.48 0.73) (end 1.48 0.73) (layer B.CrtYd) (width 0.05))
    (fp_line (start 1.48 0.73) (end 1.48 -0.73) (layer B.CrtYd) (width 0.05))
    (fp_line (start 1.48 -0.73) (end -1.48 -0.73) (layer B.CrtYd) (width 0.05))
    (fp_text user %R (at 0 0 90) (layer B.Fab)
      (effects (font (size 0.4 0.4) (thickness 0.06)) (justify mirror))
    )
    (pad 2 smd roundrect (at 0.775 0 270) (size 0.9 0.95) (layers B.Cu B.Paste B.Mask) (roundrect_rratio 0.25)
      (net 1 EP))
    (pad 1 smd roundrect (at -0.775 0 270) (size 0.9 0.95) (layers B.Cu B.Paste B.Mask) (roundrect_rratio 0.25)
      (net 2 +3V3))
    (model ${KISYS3DMOD}/Capacitor_SMD.3dshapes/C_0603_1608Metric.wrl
      (at (xyz 0 0 0))
      (scale (xyz 1 1 1))
      (rotate (xyz 0 0 0))
    )
  )

  (module Capacitor_SMD:C_0603_1608Metric (layer F.Cu) (tedit 5F68FEEE) (tstamp 61AD8761)
    (at 109.8 111.5 180)
    (descr "Capacitor SMD 0603 (1608 Metric), square (rectangular) end terminal, IPC_7351 nominal, (Body size source: IPC-SM-782 page 76, https://www.pcb-3d.com/wordpress/wp-content/uploads/ipc-sm-782a_amendment_1_and_2.pdf), generated with kicad-footprint-generator")
    (tags capacitor)
    (path /61E2DD2B/61B3020F)
    (attr smd)
    (fp_text reference C55 (at 0 -1.5) (layer F.SilkS)
      (effects (font (size 1 1) (thickness 0.15)))
    )
    (fp_text value 100nF (at 0 1.43) (layer F.Fab)
      (effects (font (size 1 1) (thickness 0.15)))
    )
    (fp_line (start -0.8 0.4) (end -0.8 -0.4) (layer F.Fab) (width 0.1))
    (fp_line (start -0.8 -0.4) (end 0.8 -0.4) (layer F.Fab) (width 0.1))
    (fp_line (start 0.8 -0.4) (end 0.8 0.4) (layer F.Fab) (width 0.1))
    (fp_line (start 0.8 0.4) (end -0.8 0.4) (layer F.Fab) (width 0.1))
    (fp_line (start -0.14058 -0.51) (end 0.14058 -0.51) (layer F.SilkS) (width 0.12))
    (fp_line (start -0.14058 0.51) (end 0.14058 0.51) (layer F.SilkS) (width 0.12))
    (fp_line (start -1.48 0.73) (end -1.48 -0.73) (layer F.CrtYd) (width 0.05))
    (fp_line (start -1.48 -0.73) (end 1.48 -0.73) (layer F.CrtYd) (width 0.05))
    (fp_line (start 1.48 -0.73) (end 1.48 0.73) (layer F.CrtYd) (width 0.05))
    (fp_line (start 1.48 0.73) (end -1.48 0.73) (layer F.CrtYd) (width 0.05))
    (fp_text user %R (at 0 0) (layer F.Fab)
      (effects (font (size 0.4 0.4) (thickness 0.06)))
    )
    (pad 2 smd roundrect (at 0.775 0 180) (size 0.9 0.95) (layers F.Cu F.Paste F.Mask) (roundrect_rratio 0.25)
      (net 1 EP))
    (pad 1 smd roundrect (at -0.775 0 180) (size 0.9 0.95) (layers F.Cu F.Paste F.Mask) (roundrect_rratio 0.25)
      (net 2 +3V3))
    (model ${KISYS3DMOD}/Capacitor_SMD.3dshapes/C_0603_1608Metric.wrl
      (at (xyz 0 0 0))
      (scale (xyz 1 1 1))
      (rotate (xyz 0 0 0))
    )
  )

  (module Capacitor_SMD:C_0603_1608Metric (layer B.Cu) (tedit 5F68FEEE) (tstamp 61AD8750)
    (at 183.2 83.275 90)
    (descr "Capacitor SMD 0603 (1608 Metric), square (rectangular) end terminal, IPC_7351 nominal, (Body size source: IPC-SM-782 page 76, https://www.pcb-3d.com/wordpress/wp-content/uploads/ipc-sm-782a_amendment_1_and_2.pdf), generated with kicad-footprint-generator")
    (tags capacitor)
    (path /61E2DD2B/61B30209)
    (attr smd)
    (fp_text reference C54 (at 3.075 0 90) (layer B.SilkS)
      (effects (font (size 1 1) (thickness 0.15)) (justify mirror))
    )
    (fp_text value 100nF (at 0 -1.43 90) (layer B.Fab)
      (effects (font (size 1 1) (thickness 0.15)) (justify mirror))
    )
    (fp_line (start -0.8 -0.4) (end -0.8 0.4) (layer B.Fab) (width 0.1))
    (fp_line (start -0.8 0.4) (end 0.8 0.4) (layer B.Fab) (width 0.1))
    (fp_line (start 0.8 0.4) (end 0.8 -0.4) (layer B.Fab) (width 0.1))
    (fp_line (start 0.8 -0.4) (end -0.8 -0.4) (layer B.Fab) (width 0.1))
    (fp_line (start -0.14058 0.51) (end 0.14058 0.51) (layer B.SilkS) (width 0.12))
    (fp_line (start -0.14058 -0.51) (end 0.14058 -0.51) (layer B.SilkS) (width 0.12))
    (fp_line (start -1.48 -0.73) (end -1.48 0.73) (layer B.CrtYd) (width 0.05))
    (fp_line (start -1.48 0.73) (end 1.48 0.73) (layer B.CrtYd) (width 0.05))
    (fp_line (start 1.48 0.73) (end 1.48 -0.73) (layer B.CrtYd) (width 0.05))
    (fp_line (start 1.48 -0.73) (end -1.48 -0.73) (layer B.CrtYd) (width 0.05))
    (fp_text user %R (at 0 0 90) (layer B.Fab)
      (effects (font (size 0.4 0.4) (thickness 0.06)) (justify mirror))
    )
    (pad 2 smd roundrect (at 0.775 0 90) (size 0.9 0.95) (layers B.Cu B.Paste B.Mask) (roundrect_rratio 0.25)
      (net 1 EP))
    (pad 1 smd roundrect (at -0.775 0 90) (size 0.9 0.95) (layers B.Cu B.Paste B.Mask) (roundrect_rratio 0.25)
      (net 2 +3V3))
    (model ${KISYS3DMOD}/Capacitor_SMD.3dshapes/C_0603_1608Metric.wrl
      (at (xyz 0 0 0))
      (scale (xyz 1 1 1))
      (rotate (xyz 0 0 0))
    )
  )

  (module Capacitor_SMD:C_0603_1608Metric (layer B.Cu) (tedit 5F68FEEE) (tstamp 61AD873F)
    (at 183.3 88.775 90)
    (descr "Capacitor SMD 0603 (1608 Metric), square (rectangular) end terminal, IPC_7351 nominal, (Body size source: IPC-SM-782 page 76, https://www.pcb-3d.com/wordpress/wp-content/uploads/ipc-sm-782a_amendment_1_and_2.pdf), generated with kicad-footprint-generator")
    (tags capacitor)
    (path /61E2DD2B/61B30203)
    (attr smd)
    (fp_text reference C53 (at -3.125 0.1 90) (layer B.SilkS)
      (effects (font (size 1 1) (thickness 0.15)) (justify mirror))
    )
    (fp_text value 100nF (at 0 -1.43 90) (layer B.Fab)
      (effects (font (size 1 1) (thickness 0.15)) (justify mirror))
    )
    (fp_line (start -0.8 -0.4) (end -0.8 0.4) (layer B.Fab) (width 0.1))
    (fp_line (start -0.8 0.4) (end 0.8 0.4) (layer B.Fab) (width 0.1))
    (fp_line (start 0.8 0.4) (end 0.8 -0.4) (layer B.Fab) (width 0.1))
    (fp_line (start 0.8 -0.4) (end -0.8 -0.4) (layer B.Fab) (width 0.1))
    (fp_line (start -0.14058 0.51) (end 0.14058 0.51) (layer B.SilkS) (width 0.12))
    (fp_line (start -0.14058 -0.51) (end 0.14058 -0.51) (layer B.SilkS) (width 0.12))
    (fp_line (start -1.48 -0.73) (end -1.48 0.73) (layer B.CrtYd) (width 0.05))
    (fp_line (start -1.48 0.73) (end 1.48 0.73) (layer B.CrtYd) (width 0.05))
    (fp_line (start 1.48 0.73) (end 1.48 -0.73) (layer B.CrtYd) (width 0.05))
    (fp_line (start 1.48 -0.73) (end -1.48 -0.73) (layer B.CrtYd) (width 0.05))
    (fp_text user %R (at 0 0 90) (layer B.Fab)
      (effects (font (size 0.4 0.4) (thickness 0.06)) (justify mirror))
    )
    (pad 2 smd roundrect (at 0.775 0 90) (size 0.9 0.95) (layers B.Cu B.Paste B.Mask) (roundrect_rratio 0.25)
      (net 1 EP))
    (pad 1 smd roundrect (at -0.775 0 90) (size 0.9 0.95) (layers B.Cu B.Paste B.Mask) (roundrect_rratio 0.25)
      (net 2 +3V3))
    (model ${KISYS3DMOD}/Capacitor_SMD.3dshapes/C_0603_1608Metric.wrl
      (at (xyz 0 0 0))
      (scale (xyz 1 1 1))
      (rotate (xyz 0 0 0))
    )
  )

  (module Capacitor_SMD:C_0805_2012Metric (layer F.Cu) (tedit 5F68FEEE) (tstamp 61AC87DD)
    (at 190 79.9 270)
    (descr "Capacitor SMD 0805 (2012 Metric), square (rectangular) end terminal, IPC_7351 nominal, (Body size source: IPC-SM-782 page 76, https://www.pcb-3d.com/wordpress/wp-content/uploads/ipc-sm-782a_amendment_1_and_2.pdf, https://docs.google.com/spreadsheets/d/1BsfQQcO9C6DZCsRaXUlFlo91Tg2WpOkGARC1WS5S8t0/edit?usp=sharing), generated with kicad-footprint-generator")
    (tags capacitor)
    (path /61E2DD2B/61AFDD59)
    (attr smd)
    (fp_text reference C52 (at -3.3 0 90) (layer F.SilkS)
      (effects (font (size 1 1) (thickness 0.15)))
    )
    (fp_text value 22uF (at 0 1.68 90) (layer F.Fab)
      (effects (font (size 1 1) (thickness 0.15)))
    )
    (fp_line (start -1 0.625) (end -1 -0.625) (layer F.Fab) (width 0.1))
    (fp_line (start -1 -0.625) (end 1 -0.625) (layer F.Fab) (width 0.1))
    (fp_line (start 1 -0.625) (end 1 0.625) (layer F.Fab) (width 0.1))
    (fp_line (start 1 0.625) (end -1 0.625) (layer F.Fab) (width 0.1))
    (fp_line (start -0.261252 -0.735) (end 0.261252 -0.735) (layer F.SilkS) (width 0.12))
    (fp_line (start -0.261252 0.735) (end 0.261252 0.735) (layer F.SilkS) (width 0.12))
    (fp_line (start -1.7 0.98) (end -1.7 -0.98) (layer F.CrtYd) (width 0.05))
    (fp_line (start -1.7 -0.98) (end 1.7 -0.98) (layer F.CrtYd) (width 0.05))
    (fp_line (start 1.7 -0.98) (end 1.7 0.98) (layer F.CrtYd) (width 0.05))
    (fp_line (start 1.7 0.98) (end -1.7 0.98) (layer F.CrtYd) (width 0.05))
    (fp_text user %R (at 0 0 90) (layer F.Fab)
      (effects (font (size 0.5 0.5) (thickness 0.08)))
    )
    (pad 2 smd roundrect (at 0.95 0 270) (size 1 1.45) (layers F.Cu F.Paste F.Mask) (roundrect_rratio 0.25)
      (net 1 EP))
    (pad 1 smd roundrect (at -0.95 0 270) (size 1 1.45) (layers F.Cu F.Paste F.Mask) (roundrect_rratio 0.25)
      (net 13 +7.5V))
    (model ${KISYS3DMOD}/Capacitor_SMD.3dshapes/C_0805_2012Metric.wrl
      (at (xyz 0 0 0))
      (scale (xyz 1 1 1))
      (rotate (xyz 0 0 0))
    )
  )

  (module Capacitor_SMD:C_0805_2012Metric (layer B.Cu) (tedit 5F68FEEE) (tstamp 61AC87CC)
    (at 148.7 103.8)
    (descr "Capacitor SMD 0805 (2012 Metric), square (rectangular) end terminal, IPC_7351 nominal, (Body size source: IPC-SM-782 page 76, https://www.pcb-3d.com/wordpress/wp-content/uploads/ipc-sm-782a_amendment_1_and_2.pdf, https://docs.google.com/spreadsheets/d/1BsfQQcO9C6DZCsRaXUlFlo91Tg2WpOkGARC1WS5S8t0/edit?usp=sharing), generated with kicad-footprint-generator")
    (tags capacitor)
    (path /6191448D/61AE31B8)
    (attr smd)
    (fp_text reference C51 (at 3.2 0) (layer B.SilkS)
      (effects (font (size 1 1) (thickness 0.15)) (justify mirror))
    )
    (fp_text value 22uF (at 0 -1.68) (layer B.Fab)
      (effects (font (size 1 1) (thickness 0.15)) (justify mirror))
    )
    (fp_line (start -1 -0.625) (end -1 0.625) (layer B.Fab) (width 0.1))
    (fp_line (start -1 0.625) (end 1 0.625) (layer B.Fab) (width 0.1))
    (fp_line (start 1 0.625) (end 1 -0.625) (layer B.Fab) (width 0.1))
    (fp_line (start 1 -0.625) (end -1 -0.625) (layer B.Fab) (width 0.1))
    (fp_line (start -0.261252 0.735) (end 0.261252 0.735) (layer B.SilkS) (width 0.12))
    (fp_line (start -0.261252 -0.735) (end 0.261252 -0.735) (layer B.SilkS) (width 0.12))
    (fp_line (start -1.7 -0.98) (end -1.7 0.98) (layer B.CrtYd) (width 0.05))
    (fp_line (start -1.7 0.98) (end 1.7 0.98) (layer B.CrtYd) (width 0.05))
    (fp_line (start 1.7 0.98) (end 1.7 -0.98) (layer B.CrtYd) (width 0.05))
    (fp_line (start 1.7 -0.98) (end -1.7 -0.98) (layer B.CrtYd) (width 0.05))
    (fp_text user %R (at 0 0) (layer B.Fab)
      (effects (font (size 0.5 0.5) (thickness 0.08)) (justify mirror))
    )
    (pad 2 smd roundrect (at 0.95 0) (size 1 1.45) (layers B.Cu B.Paste B.Mask) (roundrect_rratio 0.25)
      (net 1 EP))
    (pad 1 smd roundrect (at -0.95 0) (size 1 1.45) (layers B.Cu B.Paste B.Mask) (roundrect_rratio 0.25)
      (net 13 +7.5V))
    (model ${KISYS3DMOD}/Capacitor_SMD.3dshapes/C_0805_2012Metric.wrl
      (at (xyz 0 0 0))
      (scale (xyz 1 1 1))
      (rotate (xyz 0 0 0))
    )
  )

  (module Connector_PinHeader_2.54mm:PinHeader_1x03_P2.54mm_Horizontal (layer F.Cu) (tedit 59FED5CB) (tstamp 61A97E61)
    (at 192.9 76)
    (descr "Through hole angled pin header, 1x03, 2.54mm pitch, 6mm pin length, single row")
    (tags "Through hole angled pin header THT 1x03 2.54mm single row")
    (path /61E2DD2B/61A932D6)
    (fp_text reference J5 (at 5.3 1.4) (layer F.SilkS)
      (effects (font (size 1 1) (thickness 0.15)))
    )
    (fp_text value Conn_01x03 (at 4.385 7.35) (layer F.Fab)
      (effects (font (size 1 1) (thickness 0.15)))
    )
    (fp_line (start 2.135 -1.27) (end 4.04 -1.27) (layer F.Fab) (width 0.1))
    (fp_line (start 4.04 -1.27) (end 4.04 6.35) (layer F.Fab) (width 0.1))
    (fp_line (start 4.04 6.35) (end 1.5 6.35) (layer F.Fab) (width 0.1))
    (fp_line (start 1.5 6.35) (end 1.5 -0.635) (layer F.Fab) (width 0.1))
    (fp_line (start 1.5 -0.635) (end 2.135 -1.27) (layer F.Fab) (width 0.1))
    (fp_line (start -0.32 -0.32) (end 1.5 -0.32) (layer F.Fab) (width 0.1))
    (fp_line (start -0.32 -0.32) (end -0.32 0.32) (layer F.Fab) (width 0.1))
    (fp_line (start -0.32 0.32) (end 1.5 0.32) (layer F.Fab) (width 0.1))
    (fp_line (start 4.04 -0.32) (end 10.04 -0.32) (layer F.Fab) (width 0.1))
    (fp_line (start 10.04 -0.32) (end 10.04 0.32) (layer F.Fab) (width 0.1))
    (fp_line (start 4.04 0.32) (end 10.04 0.32) (layer F.Fab) (width 0.1))
    (fp_line (start -0.32 2.22) (end 1.5 2.22) (layer F.Fab) (width 0.1))
    (fp_line (start -0.32 2.22) (end -0.32 2.86) (layer F.Fab) (width 0.1))
    (fp_line (start -0.32 2.86) (end 1.5 2.86) (layer F.Fab) (width 0.1))
    (fp_line (start 4.04 2.22) (end 10.04 2.22) (layer F.Fab) (width 0.1))
    (fp_line (start 10.04 2.22) (end 10.04 2.86) (layer F.Fab) (width 0.1))
    (fp_line (start 4.04 2.86) (end 10.04 2.86) (layer F.Fab) (width 0.1))
    (fp_line (start -0.32 4.76) (end 1.5 4.76) (layer F.Fab) (width 0.1))
    (fp_line (start -0.32 4.76) (end -0.32 5.4) (layer F.Fab) (width 0.1))
    (fp_line (start -0.32 5.4) (end 1.5 5.4) (layer F.Fab) (width 0.1))
    (fp_line (start 4.04 4.76) (end 10.04 4.76) (layer F.Fab) (width 0.1))
    (fp_line (start 10.04 4.76) (end 10.04 5.4) (layer F.Fab) (width 0.1))
    (fp_line (start 4.04 5.4) (end 10.04 5.4) (layer F.Fab) (width 0.1))
    (fp_line (start 1.44 -1.33) (end 1.44 6.41) (layer F.SilkS) (width 0.12))
    (fp_line (start 1.44 6.41) (end 4.1 6.41) (layer F.SilkS) (width 0.12))
    (fp_line (start 4.1 6.41) (end 4.1 -1.33) (layer F.SilkS) (width 0.12))
    (fp_line (start 4.1 -1.33) (end 1.44 -1.33) (layer F.SilkS) (width 0.12))
    (fp_line (start 4.1 -0.38) (end 10.1 -0.38) (layer F.SilkS) (width 0.12))
    (fp_line (start 10.1 -0.38) (end 10.1 0.38) (layer F.SilkS) (width 0.12))
    (fp_line (start 10.1 0.38) (end 4.1 0.38) (layer F.SilkS) (width 0.12))
    (fp_line (start 4.1 -0.32) (end 10.1 -0.32) (layer F.SilkS) (width 0.12))
    (fp_line (start 4.1 -0.2) (end 10.1 -0.2) (layer F.SilkS) (width 0.12))
    (fp_line (start 4.1 -0.08) (end 10.1 -0.08) (layer F.SilkS) (width 0.12))
    (fp_line (start 4.1 0.04) (end 10.1 0.04) (layer F.SilkS) (width 0.12))
    (fp_line (start 4.1 0.16) (end 10.1 0.16) (layer F.SilkS) (width 0.12))
    (fp_line (start 4.1 0.28) (end 10.1 0.28) (layer F.SilkS) (width 0.12))
    (fp_line (start 1.11 -0.38) (end 1.44 -0.38) (layer F.SilkS) (width 0.12))
    (fp_line (start 1.11 0.38) (end 1.44 0.38) (layer F.SilkS) (width 0.12))
    (fp_line (start 1.44 1.27) (end 4.1 1.27) (layer F.SilkS) (width 0.12))
    (fp_line (start 4.1 2.16) (end 10.1 2.16) (layer F.SilkS) (width 0.12))
    (fp_line (start 10.1 2.16) (end 10.1 2.92) (layer F.SilkS) (width 0.12))
    (fp_line (start 10.1 2.92) (end 4.1 2.92) (layer F.SilkS) (width 0.12))
    (fp_line (start 1.042929 2.16) (end 1.44 2.16) (layer F.SilkS) (width 0.12))
    (fp_line (start 1.042929 2.92) (end 1.44 2.92) (layer F.SilkS) (width 0.12))
    (fp_line (start 1.44 3.81) (end 4.1 3.81) (layer F.SilkS) (width 0.12))
    (fp_line (start 4.1 4.7) (end 10.1 4.7) (layer F.SilkS) (width 0.12))
    (fp_line (start 10.1 4.7) (end 10.1 5.46) (layer F.SilkS) (width 0.12))
    (fp_line (start 10.1 5.46) (end 4.1 5.46) (layer F.SilkS) (width 0.12))
    (fp_line (start 1.042929 4.7) (end 1.44 4.7) (layer F.SilkS) (width 0.12))
    (fp_line (start 1.042929 5.46) (end 1.44 5.46) (layer F.SilkS) (width 0.12))
    (fp_line (start -1.27 0) (end -1.27 -1.27) (layer F.SilkS) (width 0.12))
    (fp_line (start -1.27 -1.27) (end 0 -1.27) (layer F.SilkS) (width 0.12))
    (fp_line (start -1.8 -1.8) (end -1.8 6.85) (layer F.CrtYd) (width 0.05))
    (fp_line (start -1.8 6.85) (end 10.55 6.85) (layer F.CrtYd) (width 0.05))
    (fp_line (start 10.55 6.85) (end 10.55 -1.8) (layer F.CrtYd) (width 0.05))
    (fp_line (start 10.55 -1.8) (end -1.8 -1.8) (layer F.CrtYd) (width 0.05))
    (fp_text user %R (at 2.77 2.54 90) (layer F.Fab)
      (effects (font (size 1 1) (thickness 0.15)))
    )
    (pad 3 thru_hole oval (at 0 5.08) (size 1.7 1.7) (drill 1) (layers *.Cu *.Mask)
      (net 1 EP))
    (pad 2 thru_hole oval (at 0 2.54) (size 1.7 1.7) (drill 1) (layers *.Cu *.Mask)
      (net 13 +7.5V))
    (pad 1 thru_hole rect (at 0 0) (size 1.7 1.7) (drill 1) (layers *.Cu *.Mask)
      (net 178 /Connector/Servo_PWM))
    (model ${KISYS3DMOD}/Connector_PinHeader_2.54mm.3dshapes/PinHeader_1x03_P2.54mm_Horizontal.wrl
      (at (xyz 0 0 0))
      (scale (xyz 1 1 1))
      (rotate (xyz 0 0 0))
    )
  )

  (module Crystal:Crystal_SMD_3225-4Pin_3.2x2.5mm (layer B.Cu) (tedit 5A0FD1B2) (tstamp 61A82EDC)
    (at 156.5 85 270)
    (descr "SMD Crystal SERIES SMD3225/4 http://www.txccrystal.com/images/pdf/7m-accuracy.pdf, 3.2x2.5mm^2 package")
    (tags "SMD SMT crystal")
    (path /6194FB75/6195992C)
    (attr smd)
    (fp_text reference Y1 (at 0 2.45 90) (layer B.SilkS)
      (effects (font (size 1 1) (thickness 0.15)) (justify mirror))
    )
    (fp_text value 8MHz (at 0 -2.45 90) (layer B.Fab)
      (effects (font (size 1 1) (thickness 0.15)) (justify mirror))
    )
    (fp_line (start -1.6 1.25) (end -1.6 -1.25) (layer B.Fab) (width 0.1))
    (fp_line (start -1.6 -1.25) (end 1.6 -1.25) (layer B.Fab) (width 0.1))
    (fp_line (start 1.6 -1.25) (end 1.6 1.25) (layer B.Fab) (width 0.1))
    (fp_line (start 1.6 1.25) (end -1.6 1.25) (layer B.Fab) (width 0.1))
    (fp_line (start -1.6 -0.25) (end -0.6 -1.25) (layer B.Fab) (width 0.1))
    (fp_line (start -2 1.65) (end -2 -1.65) (layer B.SilkS) (width 0.12))
    (fp_line (start -2 -1.65) (end 2 -1.65) (layer B.SilkS) (width 0.12))
    (fp_line (start -2.1 1.7) (end -2.1 -1.7) (layer B.CrtYd) (width 0.05))
    (fp_line (start -2.1 -1.7) (end 2.1 -1.7) (layer B.CrtYd) (width 0.05))
    (fp_line (start 2.1 -1.7) (end 2.1 1.7) (layer B.CrtYd) (width 0.05))
    (fp_line (start 2.1 1.7) (end -2.1 1.7) (layer B.CrtYd) (width 0.05))
    (fp_text user %R (at 0 0 90) (layer B.Fab)
      (effects (font (size 0.7 0.7) (thickness 0.105)) (justify mirror))
    )
    (pad 4 smd rect (at -1.1 0.85 270) (size 1.4 1.2) (layers B.Cu B.Paste B.Mask)
      (net 1 EP))
    (pad 3 smd rect (at 1.1 0.85 270) (size 1.4 1.2) (layers B.Cu B.Paste B.Mask)
      (net 16 /MCU/XTAL_IN))
    (pad 2 smd rect (at 1.1 -0.85 270) (size 1.4 1.2) (layers B.Cu B.Paste B.Mask)
      (net 1 EP))
    (pad 1 smd rect (at -1.1 -0.85 270) (size 1.4 1.2) (layers B.Cu B.Paste B.Mask)
      (net 14 /MCU/XTAL_OUT))
    (model ${KISYS3DMOD}/Crystal.3dshapes/Crystal_SMD_3225-4Pin_3.2x2.5mm.wrl
      (at (xyz 0 0 0))
      (scale (xyz 1 1 1))
      (rotate (xyz 0 0 0))
    )
  )

  (module Package_SO:TSSOP-16_4.4x5mm_P0.65mm (layer B.Cu) (tedit 5E476F32) (tstamp 61A82EC8)
    (at 144.3 111 180)
    (descr "TSSOP, 16 Pin (JEDEC MO-153 Var AB https://www.jedec.org/document_search?search_api_views_fulltext=MO-153), generated with kicad-footprint-generator ipc_gullwing_generator.py")
    (tags "TSSOP SO")
    (path /61E2DD2B/61A0B2BA)
    (attr smd)
    (fp_text reference U12 (at 0 0.1) (layer B.SilkS)
      (effects (font (size 1 1) (thickness 0.15)) (justify mirror))
    )
    (fp_text value XPT2046TS (at 0 -3.45) (layer B.Fab)
      (effects (font (size 1 1) (thickness 0.15)) (justify mirror))
    )
    (fp_line (start 0 -2.735) (end 2.2 -2.735) (layer B.SilkS) (width 0.12))
    (fp_line (start 0 -2.735) (end -2.2 -2.735) (layer B.SilkS) (width 0.12))
    (fp_line (start 0 2.735) (end 2.2 2.735) (layer B.SilkS) (width 0.12))
    (fp_line (start 0 2.735) (end -3.6 2.735) (layer B.SilkS) (width 0.12))
    (fp_line (start -1.2 2.5) (end 2.2 2.5) (layer B.Fab) (width 0.1))
    (fp_line (start 2.2 2.5) (end 2.2 -2.5) (layer B.Fab) (width 0.1))
    (fp_line (start 2.2 -2.5) (end -2.2 -2.5) (layer B.Fab) (width 0.1))
    (fp_line (start -2.2 -2.5) (end -2.2 1.5) (layer B.Fab) (width 0.1))
    (fp_line (start -2.2 1.5) (end -1.2 2.5) (layer B.Fab) (width 0.1))
    (fp_line (start -3.85 2.75) (end -3.85 -2.75) (layer B.CrtYd) (width 0.05))
    (fp_line (start -3.85 -2.75) (end 3.85 -2.75) (layer B.CrtYd) (width 0.05))
    (fp_line (start 3.85 -2.75) (end 3.85 2.75) (layer B.CrtYd) (width 0.05))
    (fp_line (start 3.85 2.75) (end -3.85 2.75) (layer B.CrtYd) (width 0.05))
    (fp_text user %R (at 0 0) (layer B.Fab)
      (effects (font (size 1 1) (thickness 0.15)) (justify mirror))
    )
    (pad 16 smd roundrect (at 2.8625 2.275 180) (size 1.475 0.4) (layers B.Cu B.Paste B.Mask) (roundrect_rratio 0.25)
      (net 37 /Connector/LCD_CLK))
